gene_id	A	B	p-value	FDR	significance
105313	476.125	2.01685	0	0	DOWN
81082	188.012	0.388781	4.44E-16	0.000106687	DOWN
70204	30.8683	0.0378778	3.33E-15	0.000106687	DOWN
112031	74.6035	0.708632	4.66E-15	0.000106687	DOWN
122511	1065.56	8.16165	1.44E-14	0.000106687	DOWN
49274	106.879	1.05212	1.44E-14	0.000106687	DOWN
68803	186.04	2.46745	1.69E-14	0.000106687	DOWN
123914	149.261	1.65829	3.82E-14	0.000106687	DOWN
59362	56.5321	0.138204	4.22E-14	0.000106687	DOWN
105882	195.885	0.663057	5.64E-14	0.000106687	DOWN
108676	703.881	2.29893	1.20E-13	0.000106687	DOWN
60489	1.33266	157.422	4.06E-13	0.000106687	UP
66935	2.52345	123.558	2.10E-12	0.000106687	UP
76659	214.616	1.82799	3.86E-12	0.000106687	DOWN
123261	52.0833	0.964997	3.98E-12	0.000106687	DOWN
120362	845.159	14.6268	4.20E-12	0.000106687	DOWN
70500	65.7158	1.09175	4.48E-12	0.000106687	DOWN
109945	109.374	2.3089	7.44E-12	0.000106687	DOWN
111890	1825.34	23.0812	9.07E-12	0.000106687	DOWN
103162	722.655	7.59892	1.25E-11	0.000106687	DOWN
65055	49.9586	1.01011	1.39E-11	0.000106687	DOWN
76065	476.897	10.4737	1.62E-11	0.000106687	DOWN
110711	125.098	2.35012	2.04E-11	0.000106687	DOWN
103866	194.784	3.28038	2.15E-11	0.000106687	DOWN
109373	8.31437	0.0872939	2.77E-11	0.000106687	DOWN
105406	888.004	9.89739	2.89E-11	0.000106687	DOWN
106378	127.453	2.17189	3.94E-11	0.000106687	DOWN
82146	210.846	4.72578	5.17E-11	0.000106687	DOWN
110862	188.719	2.50321	8.61E-11	0.000106687	DOWN
105242	211.967	3.79725	1.02E-10	0.000106687	DOWN
109372	10.4891	0.131705	1.06E-10	0.000106687	DOWN
80058	1.19166	114.311	1.12E-10	0.000106687	UP
110457	677.924	5.17406	1.29E-10	0.000106687	DOWN
49366	4.7801	205.629	1.75E-10	0.000106687	UP
1927	1219.77	19.5285	1.75E-10	0.000106687	DOWN
104419	314.62	3.04988	2.05E-10	0.000106687	DOWN
111121	230.867	3.05733	2.21E-10	0.000106687	DOWN
54790	664.891	10.6686	3.43E-10	0.000106687	DOWN
110456	25.3794	0.338056	6.39E-10	0.000106687	DOWN
121818	376.878	11.5362	9.99E-10	0.000106687	DOWN
112163	161.055	2.66598	1.04E-09	0.000106687	DOWN
77552	22.4797	0.200428	1.25E-09	0.000106687	DOWN
3405	85.5545	3.56728	1.85E-09	0.000106687	DOWN
23353	5.4743	138.716	2.08E-09	0.000106687	UP
22129	2329.28	49.7062	2.11E-09	0.000106687	DOWN
76897	1.50151	60.3319	2.44E-09	0.000106687	UP
76374	53.1572	1.79772	2.81E-09	0.000106687	DOWN
121251	487.777	13.9164	2.94E-09	0.000106687	DOWN
33763	623.591	18.0022	3.51E-09	0.000106687	DOWN
3434	339.071	14.5553	6.46E-09	0.000106687	DOWN
109371	8.47397	0.264266	8.87E-09	0.000106687	DOWN
119556	174.89	5.23456	1.01E-08	0.000106687	DOWN
111122	1001.94	21.4506	1.25E-08	0.000106687	DOWN
74194	17.0054	699.37	1.73E-08	0.000106687	UP
60378	70.7944	2.55363	2.05E-08	0.000106687	DOWN
111915	22.5935	475.122	2.46E-08	0.000106687	UP
57737	225.671	11.239	2.64E-08	0.000106687	DOWN
123278	17.808	0.60796	2.93E-08	0.000106687	DOWN
63395	158.67	8.91185	3.45E-08	0.000106687	DOWN
22915	0.794458	19.7201	3.52E-08	0.000106687	UP
32712	18.7275	384.304	3.55E-08	0.000106687	UP
105533	874.882	48.8551	5.22E-08	0.000106687	DOWN
102437	490.345	10.4673	5.52E-08	0.000106687	DOWN
64959	11.3542	217.464	8.16E-08	0.000106687	UP
54667	3.54621	64.6317	0.000000102	0.000106687	UP
120059	348.126	22.3703	0.000000116	0.000106687	DOWN
107037	1172.16	44.1459	0.000000118	0.000106687	DOWN
59402	130.212	6.50256	0.000000137	0.000106687	DOWN
120784	6.38168	124.91	0.000000155	0.000106687	UP
70201	60.4099	2.27891	0.000000167	0.000106687	DOWN
106605	305.08	20.5688	0.000000196	0.000106687	DOWN
123976	452.202	26.6636	0.000000214	0.000106687	DOWN
22459	0.755103	20.3978	0.000000236	0.000106687	UP
123697	11.1591	247.196	0.000000508	0.000106687	UP
105449	11.8686	0.400863	0.000000511	0.000106687	DOWN
102738	60.4218	4.44486	0.00000053	0.000106687	DOWN
102735	97.7167	7.23037	0.000000563	0.000106687	DOWN
122778	16.4212	237.214	0.00000058	0.000106687	UP
73643	11.8245	0.32391	0.000000581	0.000106687	DOWN
69468	40.7335	2.12064	0.000000592	0.000106687	DOWN
50104	3.28952	65.5979	0.000000619	0.000106687	UP
2316	10.7446	138.111	0.000000769	0.000106687	UP
71170	0.425765	12.3114	0.000000785	0.000106687	UP
103886	22.7383	351.986	0.000000796	0.000106687	UP
65229	40.7196	2.5269	0.000000853	0.000106687	DOWN
64719	109.003	8.22833	0.000000903	0.000106687	DOWN
58389	4.01883	52.7172	0.000000927	0.000106687	UP
111807	8.43524	0.124138	0.00000103	0.000106687	DOWN
123649	33.8351	2.55807	0.00000105	0.000107537	DOWN
108585	222.885	0.0255529	0.00000107	0.000108367	DOWN
61078	126.394	1888.36	0.00000113	0.000113186	UP
4999	2.37236	33.0394	0.00000127	0.000125827	UP
70090	22.637	0.622431	0.00000134	0.000131334	DOWN
112001	15.26	234.477	0.00000137	0.000132846	UP
123456	2.79338	71.3097	0.00000154	0.000147759	UP
34252	39.3007	475.307	0.00000167	0.000157868	UP
79779	2.08071	0.0627641	0.00000168	0.000157868	DOWN
110712	14.8077	1.10791	0.0000017	0.000158117	DOWN
104277	4.70962	83.7199	0.00000183	0.000168489	UP
109122	24.375	1.62754	0.00000197	0.000179566	DOWN
65711	7.37872	97.8486	0.00000214	0.000191064	UP
121308	3.95337	48.5208	0.00000217	0.000191064	UP
107151	40.6432	3.38813	0.00000217	0.000191064	DOWN
4626	7.81494	164.644	0.00000218	0.000191064	UP
82145	98.6634	7.6195	0.00000225	0.000195321	DOWN
81049	70.273	6.0777	0.00000229	0.000196918	DOWN
80659	0.652901	11.9602	0.00000245	0.000208708	UP
123572	1.06011	15.8241	0.00000261	0.000220279	UP
54227	0.993175	21.093	0.00000269	0.000224948	UP
53868	82.2094	6.41821	0.00000272	0.000225389	DOWN
52315	63.5334	1025.21	0.0000028	0.000229928	UP
76800	9.72907	107.609	0.00000297	0.00024171	UP
109249	2.60785	45.1528	0.00000305	0.000246024	UP
70139	18.7751	0.729379	0.00000328	0.000262256	DOWN
109787	11.272	141.241	0.00000333	0.000263939	UP
52375	7.15272	87.4877	0.00000337	0.000264806	UP
78223	77.619	6.03123	0.00000357	0.000278124	DOWN
105311	938.839	58.7943	0.00000369	0.000285037	DOWN
109278	414.142	17.0527	0.00000392	0.000300259	DOWN
54819	520.284	42.5796	0.00000408	0.00030991	DOWN
109117	23.5028	264.131	0.00000415	0.000312622	UP
22912	2.52841	27.1024	0.00000449	0.000334958	UP
47432	5.16537	57.1348	0.00000452	0.000334958	UP
5787	26.2364	2.3352	0.00000466	0.000342548	DOWN
74057	7.07446	83.1532	0.00000504	0.000367517	UP
4517	4.51529	45.7285	0.00000531	0.000384132	UP
74070	26.3337	350.721	0.00000552	0.00039618	UP
80875	12.0961	150.486	0.00000588	0.00041872	UP
50215	456.959	31.5198	0.00000598	0.00042254	DOWN
104359	5.42896	0.312379	0.00000607	0.000423047	DOWN
44700	34.8786	458.883	0.00000608	0.000423047	UP
80597	364.589	34.546	0.00000639	0.000441249	DOWN
124177	17.3586	231.743	0.00000655	0.000446907	UP
66827	0.438344	13.4207	0.00000657	0.000446907	UP
67538	3.3373	35.0278	0.00000743	0.000501663	UP
122780	2.06004	28.8238	0.00000806	0.000540198	UP
123179	7.37319	86.4964	0.00000821	0.000546235	UP
120030	144.076	10.0987	0.00000873	0.000576623	DOWN
106647	38.6851	2.66812	0.00000927	0.000607885	DOWN
109235	89.1106	7.89006	0.0000105	0.000678777	DOWN
121573	218.198	21.1941	0.0000105	0.000678777	DOWN
60810	12.5606	121.209	0.0000108	0.000688406	UP
107463	3.26262	41.9729	0.0000108	0.000688406	UP
70984	6.27341	0.368489	0.0000111	0.000699233	DOWN
122992	136.016	8.75662	0.0000112	0.000699233	DOWN
122376	157.218	13.4535	0.0000112	0.000699233	DOWN
67133	6.77059	73.9061	0.000012	0.000744082	UP
23367	21.6958	235.466	0.0000122	0.000751372	UP
121475	2.7538	26.4206	0.0000125	0.000764681	UP
51907	4.89106	48.821	0.0000126	0.00076566	UP
4146	0.43092	8.59627	0.0000127	0.000766626	UP
108729	51.7313	5.5653	0.000013	0.000774477	DOWN
59197	30.8254	2.40891	0.000013	0.000774477	DOWN
70994	6.05183	0.291313	0.0000132	0.000781286	DOWN
109952	9.07526	0.822384	0.0000134	0.000782955	DOWN
124059	494.103	57.2496	0.0000134	0.000782955	DOWN
123396	67.3409	6.67813	0.0000135	0.000783774	DOWN
64271	2322.46	186.041	0.000014	0.000807658	DOWN
121608	5.94581	86.5643	0.0000142	0.000814044	UP
111450	31.2924	1.69137	0.0000167	0.000951378	DOWN
106120	74.7966	7.42071	0.0000171	0.000968115	DOWN
107071	3.66201	0.151561	0.0000191	0.001071703	DOWN
80607	81.3637	6.88448	0.0000193	0.001071703	DOWN
74228	235.603	24.096	0.0000193	0.001071703	DOWN
69245	0.129624	3.67221	0.0000194	0.001071703	UP
59665	2.14092	20.3302	0.00002	0.001097075	UP
120231	0.120009	2.09001	0.0000201	0.001097075	UP
44965	7.5716	73.1117	0.0000206	0.001117673	UP
82041	97.5728	11.0669	0.0000208	0.001121846	DOWN
40156	70.0076	7.29362	0.0000221	0.001183351	DOWN
121306	160.845	17.0835	0.0000222	0.001183351	DOWN
110490	9.23266	0.417095	0.0000225	0.001192369	DOWN
50996	5.6387	66.7898	0.0000245	0.001290853	UP
69490	9.55583	0.0463745	0.0000247	0.001293911	DOWN
79244	322.211	25.0811	0.000025	0.001299923	DOWN
122993	133.684	9.40346	0.0000251	0.001299923	DOWN
123039	433.154	48.7066	0.0000276	0.001421322	DOWN
105260	0.669408	9.87107	0.0000281	0.001435994	UP
4876	22.1608	515.799	0.0000282	0.001435994	UP
70961	3.1431	29.4064	0.0000284	0.001438144	UP
50583	1.21233	13.3083	0.0000294	0.001474339	UP
59382	2.18586	17.9007	0.0000295	0.001474339	UP
69611	53.7732	5.29577	0.0000296	0.001474339	DOWN
103073	2.19415	0.129046	0.0000298	0.001476234	DOWN
122874	226.438	19.3321	0.0000302	0.001487962	DOWN
111750	39.737	529.308	0.0000305	0.001494664	UP
4875	6.52328	83.1467	0.000031	0.001511043	UP
61227	1047.41	57.8607	0.0000333	0.001614519	DOWN
67597	367.642	30.3606	0.0000351	0.001692786	DOWN
65522	77.6034	8.5557	0.0000373	0.001789418	DOWN
44088	130.03	14.2522	0.0000381	0.001818228	DOWN
110440	1.28846	13.9763	0.0000404	0.001912733	UP
62153	1.99021	20.1446	0.0000405	0.001912733	UP
63202	5.01326	61.7595	0.0000408	0.001916969	UP
105820	3.36047	0.0192306	0.0000415	0.001924792	DOWN
2852	252.436	25.9304	0.0000416	0.001924792	DOWN
109277	4.73924	0.0540657	0.0000416	0.001924792	DOWN
61763	284.302	27.0081	0.0000419	0.001928881	DOWN
58011	11.5968	98.6248	0.0000422	0.00193293	UP
56218	1.96469	18.8948	0.0000438	0.001996185	UP
66280	76.2815	6.50495	0.0000441	0.001999858	DOWN
69946	0.532363	4.85881	0.0000458	0.002060978	UP
54198	1472.95	148.353	0.0000459	0.002060978	DOWN
4851	6.08027	58.0393	0.0000465	0.002076441	UP
22741	7.29417	79.8159	0.0000467	0.002076441	UP
69904	58.9739	6.95135	0.0000476	0.002094697	DOWN
111237	124.663	3.62887	0.0000478	0.002094697	DOWN
49048	0.846612	8.30981	0.0000478	0.002094697	UP
59196	5.42286	0.183812	0.0000484	0.002110842	DOWN
65333	2.17507	18.6222	0.0000501	0.002158363	UP
123191	2446.87	206.197	0.0000501	0.002158363	DOWN
111783	42.322	5.44706	0.0000502	0.002158363	DOWN
30465	17.1941	1.22442	0.0000511	0.002186744	DOWN
54865	37.2234	3.37401	0.0000526	0.002234235	DOWN
21509	29.4146	269.806	0.0000527	0.002234235	UP
69692	0.177087	10.8705	0.0000544	0.00229563	UP
1999	49.4549	452.307	0.0000553	0.002311895	UP
105237	14.3795	0.170209	0.0000557	0.002311895	DOWN
120749	13.4637	1.43197	0.0000558	0.002311895	DOWN
52165	8.15241	65.412	0.0000558	0.002311895	UP
124016	1.46252	13.4319	0.0000564	0.002326181	UP
74122	4.03516	31.7129	0.0000574	0.002356761	UP
69879	210.047	28.4311	0.0000605	0.002461864	DOWN
65718	230.68	2081.39	0.0000605	0.002461864	UP
76363	136.242	17.6318	0.0000626	0.002535996	DOWN
42152	8.32619	0.229	0.0000632	0.002548973	DOWN
78828	18.4948	156.245	0.0000657	0.00263813	UP
3449	0.786819	7.99441	0.0000679	0.002714511	UP
121739	6.31592	67.6581	0.0000738	0.002937498	UP
102999	0.567023	8.97952	0.0000746	0.002950588	UP
3481	0.272824	4.14684	0.0000749	0.002950588	UP
123079	2.93792	44.474	0.0000751	0.002950588	UP
80920	33.6647	626.462	0.0000781	0.003046124	UP
51654	7.00805	0.470526	0.0000782	0.003046124	DOWN
69863	21.068	2.64674	0.0000791	0.00306807	DOWN
67509	7.05165	63.1434	0.0000815	0.003147765	UP
80291	6.49936	47.5971	0.0000819	0.003149867	UP
57868	114.094	16.3464	0.0000834	0.00319408	DOWN
104461	98.518	13.9112	0.0000844	0.003218854	DOWN
38441	111.863	15.8289	0.0000866	0.003288996	DOWN
45852	15.3784	1.82927	0.0000894	0.003371043	DOWN
108684	28.8186	1.21067	0.0000895	0.003371043	DOWN
107881	74.4879	10.2112	0.0000918	0.003430216	DOWN
79300	33.357	279.584	0.0000921	0.003430216	UP
48211	13.5837	187.099	0.0000922	0.003430216	UP
55709	63.5046	8.54712	0.0000974	0.003608947	DOWN
105291	0.299642	4.27282	0.000101831	0.003757852	UP
55306	0.41913	4.77604	0.000102823	0.00377916	UP
47733	499.148	49.913	0.000104385	0.003819331	DOWN
75713	4.61316	33.8869	0.000104754	0.003819331	UP
2687	4.47958	40.8635	0.000106549	0.003869299	UP
71029	78.4515	571.803	0.000108589	0.00391659	UP
107667	31.9356	3.38964	0.000108942	0.00391659	DOWN
58853	14.0123	100.636	0.000109186	0.00391659	UP
63914	14.9239	108.049	0.00010957	0.00391659	UP
5016	12.0929	86.3097	0.000110402	0.003930915	UP
123084	25.3555	2.55744	0.000111059	0.003938921	DOWN
80980	95.4212	1230.53	0.000115848	0.004092847	UP
55272	70.0474	1021.75	0.000116515	0.004095545	UP
65104	2.28729	18.4175	0.000116823	0.004095545	UP
121399	2.01577	17.3755	0.000118516	0.004138978	UP
108749	68.3809	477.226	0.000120171	0.004176784	UP
43115	28.4718	226.221	0.000120515	0.004176784	UP
124283	8.10718	61.8639	0.000121462	0.00419366	UP
121717	152.064	1437.86	0.00012413	0.004269604	UP
53238	382.738	46.9339	0.000125399	0.004289546	DOWN
46002	62.5879	511.951	0.000125651	0.004289546	UP
105874	11.0654	0.921168	0.000126952	0.004317789	DOWN
54226	8.26075	0.601724	0.000128063	0.004337896	DOWN
122975	0.259021	3.59105	0.000128495	0.004337896	UP
59482	0.722854	5.55807	0.000131329	0.00441721	UP
111837	77.3718	10.6973	0.000136869	0.004586621	DOWN
121337	15.2052	0.696539	0.000137948	0.0045908	DOWN
79238	16.8061	112.338	0.000138001	0.0045908	UP
63217	116.933	16.0555	0.000141661	0.00468795	DOWN
53091	230.742	27.2907	0.00014195	0.00468795	DOWN
110843	7.1775	0.641103	0.000143914	0.004735654	DOWN
104395	18.8688	2.48287	0.000149221	0.004892624	DOWN
120975	2.17386	18.8948	0.000150645	0.004909827	UP
41604	36.9931	3.69362	0.000150823	0.004909827	DOWN
105408	39.9319	3.23418	0.000151864	0.004926122	DOWN
103108	9.38171	63.7999	0.000156298	0.005034314	UP
62576	2.76694	25.1176	0.000156304	0.005034314	UP
119806	1678.66	122.234	0.000158323	0.005068259	DOWN
81511	1.17443	11.5833	0.000158662	0.005068259	UP
21742	480.628	61.9548	0.000159026	0.005068259	DOWN
62380	19.8617	282.003	0.000163947	0.005206888	UP
108284	120.26	17.4812	0.000164877	0.005218243	DOWN
105785	13.461	0.477735	0.000165836	0.005230433	DOWN
48747	31.8478	4.55379	0.000169254	0.005319828	DOWN
75998	4.00126	27.9989	0.000174427	0.005463581	UP
123888	5.37019	37.5412	0.000176003	0.005494066	UP
64274	0.448021	6.59537	0.00017692	0.005503842	UP
60835	1.16929	11.1786	0.000179932	0.005578504	UP
69753	0.755255	8.69595	0.00018074	0.00558456	UP
56064	6.29751	51.6954	0.000182659	0.005624786	UP
5249	10.0379	68.7539	0.000188856	0.005796035	UP
56830	2.83903	20.7733	0.000190414	0.00582424	UP
22654	5.24527	37.0042	0.00019304	0.005884815	UP
72859	154.049	1442.45	0.000200131	0.006080647	UP
103537	1.05936	12.6793	0.000205566	0.00622503	UP
2185	8.24842	0.309685	0.000207962	0.006276734	DOWN
120821	6461.06	402.692	0.000211881	0.006373912	DOWN
119902	99.3052	14.2926	0.000214249	0.006423946	DOWN
105269	0.561867	5.82424	0.000226343	0.006746077	UP
59082	2.33011	25.0581	0.000226505	0.006746077	UP
121163	14.728	96.8195	0.000227949	0.006746077	UP
5182	0.420523	7.45969	0.000227953	0.006746077	UP
112482	8.92876	70.8304	0.000228741	0.006747489	UP
23115	1970.45	200.122	0.000229504	0.006748158	DOWN
5026	106.957	13.9826	0.000232756	0.006821772	DOWN
112532	12.3243	1.45191	0.000244964	0.00715656	DOWN
5776	10.9998	73.3434	0.000250993	0.007304337	UP
61526	12.0093	99.9225	0.000251625	0.007304337	UP
54128	76.8025	11.2023	0.000257584	0.007453581	DOWN
70998	4.18636	0.347189	0.000260835	0.007509355	DOWN
79741	103.231	11.6501	0.000261666	0.007509355	DOWN
51893	21.5725	166.671	0.000261983	0.007509355	UP
103579	4.98176	0.539327	0.000266334	0.007610139	DOWN
68590	0.155328	4.21486	0.000272089	0.007750285	UP
54659	234.195	23.1669	0.000274675	0.007790644	DOWN
111874	2.90442	0.18222	0.000275496	0.007790644	DOWN
122324	9.29611	61.9882	0.00027607	0.007790644	UP
23090	64.7395	9.38194	0.000278268	0.007828435	DOWN
22637	5.87289	37.2148	0.000279303	0.007833375	UP
61223	7.05726	46.538	0.000289096	0.00808316	UP
106129	10.5185	102.387	0.00029028	0.008091444	UP
22560	92.2231	14.7614	0.000291333	0.008096037	DOWN
64925	93.4964	15.4135	0.000298722	0.008276143	DOWN
67983	25.8025	3.86964	0.000309408	0.008546224	DOWN
75290	975.523	57.622	0.000310991	0.008563997	DOWN
105843	2.30034	0.0132422	0.000315003	0.008639049	DOWN
22785	5.16208	33.2483	0.000315612	0.008639049	UP
29642	0.0623748	4.801	0.00031781	0.008673168	UP
34274	573.833	3756.73	0.000328358	0.008934278	UP
122091	15.6547	129.721	0.000334818	0.009081001	UP
69500	12.0671	0.555999	0.000335743	0.009081001	DOWN
54858	148.341	21.8924	0.000346945	0.009356224	DOWN
43397	115.649	9.96344	0.000348552	0.009371833	DOWN
72379	19.4649	162.317	0.000350276	0.009390487	UP
120198	12.4496	86.5417	0.000356287	0.009471757	UP
58753	4.439	32.6032	0.000357033	0.009471757	UP
75361	3.1462	18.9771	0.000357458	0.009471757	UP
61504	0.370648	6.48804	0.000357464	0.009471757	UP
53902	6.29394	38.7471	0.000360589	0.009526866	UP
58669	18.175	2.25815	0.000362602	0.009535814	DOWN
106645	0.923014	6.88449	0.00036302	0.009535814	UP
108586	1.03941	12.8126	0.000365454	0.009571925	UP
123911	637.133	82.1076	0.000366495	0.009571925	DOWN
102500	15.4963	0.522555	0.000372571	0.009702813	DOWN
29346	0.896968	11.2977	0.000381971	0.009919275	UP
66788	0.744665	8.62701	0.000383901	0.009924557	UP
65107	14.7587	143.239	0.000384352	0.009924557	UP
65677	1.0489	12.0436	0.000389904	0.010039477	UP
69384	20.3289	156.895	0.000395932	0.010165972	UP
49193	289.854	38.6485	0.000400519	0.010254861	DOWN
5345	9.28125	1.06524	0.000402703	0.010281899	DOWN
111803	17.5831	1.72788	0.000410327	0.010447292	DOWN
75403	1.12549	10.5131	0.000414935	0.010535188	UP
64110	33.923	5.97604	0.000416816	0.01055355	DOWN
70365	12.6093	1.31001	0.000428235	0.010812637	DOWN
73523	436.294	49.2399	0.000440065	0.011047029	DOWN
66843	79.7489	14.1179	0.000440921	0.011047029	DOWN
123152	176.269	27.7762	0.000441154	0.011047029	DOWN
81022	1.67256	12.0915	0.000444675	0.011087352	UP
4240	3.86194	26.4325	0.000445197	0.011087352	UP
22510	5.90481	37.7987	0.000446757	0.011095886	UP
104197	3.0581	0.077847	0.000464948	0.011505699	DOWN
70373	4.13687	26.3236	0.000465782	0.011505699	UP
23346	6.08154	51.1138	0.000475402	0.011711593	UP
3873	31.9507	227.001	0.000480065	0.011794589	UP
69574	27.1068	4.41198	0.000494083	0.012106362	DOWN
61553	0.483074	5.03855	0.000495438	0.012107017	UP
65743	255.9	32.1345	0.000499106	0.012164041	DOWN
80746	0.291363	3.71301	0.000502103	0.01220445	UP
103959	7.61323	0.658309	0.000514638	0.012475865	DOWN
44362	17.305	99.7297	0.000519156	0.012528868	UP
72632	0.36689	3.87062	0.000520021	0.012528868	UP
112122	9.05035	1.13845	0.000520948	0.012528868	DOWN
82317	1.13006	10.6918	0.000524288	0.01257085	UP
74437	99.3988	14.077	0.000526687	0.01257085	DOWN
64397	10.5106	58.4379	0.000526831	0.01257085	UP
123614	371.303	66.8324	0.000532955	0.012683772	DOWN
70397	32.8644	5.12928	0.000538064	0.012760574	DOWN
78611	23.4494	177.261	0.000538982	0.012760574	UP
107571	18.0705	3.12162	0.000545125	0.012872576	DOWN
81122	0.921394	7.17363	0.000550435	0.012944146	UP
59137	92.7506	567.686	0.000550996	0.012944146	UP
45868	846.86	94.0165	0.000555464	0.013015564	DOWN
123125	37.5188	268.201	0.000560759	0.013105944	UP
46819	2.25365	0.0926487	0.000573528	0.013370096	DOWN
68812	670.843	5962.5	0.000575214	0.013375193	UP
112380	0.619018	7.33311	0.000577398	0.013391814	UP
72012	180.848	28.1214	0.000580237	0.013399281	DOWN
122375	32.9304	4.3371	0.00058066	0.013399281	DOWN
81389	64.6413	9.75123	0.000586978	0.01351087	DOWN
120705	7.60788	51.678	0.000600258	0.013781742	UP
77215	72.0727	12.5158	0.000601994	0.013786873	DOWN
45598	9.69225	54.5967	0.000604994	0.013820853	UP
31248	3.50391	24.8636	0.000610283	0.013906824	UP
77785	6.03925	38.769	0.000612041	0.013912104	UP
62716	310.346	2075.37	0.00061574	0.013961368	UP
21595	2.31484	15.2868	0.00062591	0.014156749	UP
42752	152.697	958.991	0.000634555	0.014316755	UP
79153	2.26921	12.4415	0.000636477	0.014324661	UP
54583	88.2805	12.3975	0.000653661	0.014655159	DOWN
111552	1.95328	20.6432	0.000654914	0.014655159	UP
66276	30.6017	176.049	0.000656428	0.014655159	UP
32849	22.7811	133.932	0.000657593	0.014655159	UP
105155	0.516867	0.0138045	0.000659256	0.014656386	DOWN
67430	51.9142	7.59709	0.000666147	0.014773552	DOWN
58264	320.576	58.7889	0.000669365	0.014803378	DOWN
21746	1.64382	16.2695	0.00067074	0.014803378	UP
120609	3.74804	0.38413	0.000676705	0.014898952	DOWN
76238	40.6932	479.426	0.000683757	0.015012624	UP
82049	20.3077	2.93121	0.000685162	0.015012624	DOWN
22845	158.722	28.5517	0.000687123	0.015019487	DOWN
121491	28.559	234.787	0.000708316	0.015445695	UP
58282	5.39687	30.1209	0.000723381	0.015736558	UP
22633	16.9106	99.7157	0.000725528	0.015745685	UP
105844	37.3393	232.445	0.000729496	0.015759446	UP
2148	83.7697	11.128	0.00072962	0.015759446	DOWN
55599	4.65446	26.7704	0.000748392	0.016114546	UP
107494	1.76691	16.0621	0.000749596	0.016114546	UP
69081	0.229778	3.02422	0.000760562	0.016311818	UP
79237	6.03293	34.4269	0.000762866	0.016322825	UP
123508	22.3373	143.368	0.00076948	0.016391155	UP
53824	13.6916	85.688	0.000769656	0.016391155	UP
123968	7.88506	45.0966	0.000778044	0.016531168	UP
120597	21.6811	113.964	0.000780692	0.016548855	UP
62462	125.218	23.6441	0.000790899	0.016726321	DOWN
110133	1.84916	13.8	0.000794849	0.016770946	UP
81102	41.8639	291.556	0.000803229	0.01690862	UP
63240	0.562959	3.89939	0.000808426	0.016972612	UP
60370	0.601354	5.62752	0.000809993	0.016972612	UP
23332	92.4833	9.96081	0.000820319	0.017149559	DOWN
121664	87.2657	15.7632	0.000824316	0.017193685	DOWN
119694	103.03	18.765	0.000842563	0.017529245	DOWN
120114	11.9038	1.92952	0.00084425	0.017529245	DOWN
61912	5.7056	33.2078	0.000856067	0.017734206	UP
79606	3.09592	17.4071	0.00086627	0.017904878	UP
61055	1.39752	10.6652	0.000873763	0.018001653	UP
122630	83.9414	11.9386	0.000874908	0.018001653	DOWN
121439	1.29108	11.5902	0.000876877	0.018001653	UP
62165	0.934418	8.9325	0.000883123	0.018073696	UP
109284	0.0963841	1.62947	0.000884352	0.018073696	UP
105224	24.079	3.70609	0.000890907	0.018166929	DOWN
107268	9.43989	54.9005	0.000897583	0.01819198	UP
44175	0.29564	3.47676	0.000897833	0.01819198	UP
123726	1.10001	8.94343	0.000898123	0.01819198	UP
77942	285.222	43.1913	0.000903978	0.018269977	DOWN
60890	113.114	22.566	0.000915765	0.018457134	DOWN
5836	0.274745	3.22114	0.000917947	0.018457134	UP
73832	4.96797	26.8584	0.000921313	0.018457134	UP
61995	1526.81	254.706	0.000921338	0.018457134	DOWN
111250	4.81357	0.308758	0.000952134	0.01903224	DOWN
123095	1.11529	8.2489	0.000965826	0.019263685	UP
107704	8.19995	48.7937	0.000972457	0.019313136	UP
122825	135.257	25.8674	0.000972543	0.019313136	DOWN
82374	159.499	1301.09	0.000977382	0.019367037	UP
52539	4.91763	25.3476	0.000998431	0.019741212	UP
123786	0.59236	3.25832	0.00100343	0.019797109	UP
50491	3.07036	16.9916	0.00101865	0.019994586	UP
56860	7.12624	41.1884	0.00101884	0.019994586	UP
75604	16.6379	92.1434	0.00102002	0.019994586	UP
106706	1.09245	7.97361	0.00102722	0.020092511	UP
80142	26.6036	332.012	0.0010315	0.020133025	UP
82246	28.8978	4.90366	0.0010482	0.020415263	DOWN
81553	4.30294	26.5111	0.00105618	0.020526825	UP
76887	502.569	60.1795	0.00106422	0.020639075	DOWN
112478	0.131164	2.22007	0.00107486	0.020801165	UP
58244	2.26971	12.6748	0.00108502	0.020953299	UP
59894	36.8914	6.67703	0.0010901	0.021004114	DOWN
123204	4.82695	27.7229	0.00109226	0.021004114	UP
111875	15.4737	2.39973	0.00109767	0.02106371	DOWN
2091	7.17754	36.3937	0.00111133	0.021281036	UP
65039	68.4605	9.15293	0.00114903	0.021956831	DOWN
110768	24.0725	3.99984	0.0011555	0.022034273	DOWN
61420	2.68797	17.8436	0.0011744	0.022347925	UP
110167	10.4051	66.9058	0.00117769	0.022349184	UP
55240	7.35732	44.8014	0.00117937	0.022349184	UP
104585	6.87865	0.352215	0.00119086	0.022520101	DOWN
119826	13.0057	2.36579	0.00120002	0.02264634	DOWN
4454	1.78146	18.0425	0.00120934	0.02277507	UP
34272	240.84	19.2762	0.00121533	0.022840686	DOWN
58802	1.21621	0.0501888	0.00123661	0.023167822	DOWN
112286	64.168	10.1809	0.00123782	0.023167822	DOWN
46764	36.1025	190.336	0.00126316	0.023593655	UP
59689	0.272849	2.65956	0.00126682	0.023613628	UP
62424	45.9723	8.7957	0.00127521	0.023721508	DOWN
120320	6.58509	35.6658	0.00127842	0.023726419	UP
66092	22.2773	128.52	0.00128068	0.023726419	UP
109531	2.42944	14.6215	0.00130721	0.024166879	UP
21392	19.1504	92.77	0.00131107	0.024166879	UP
50786	582.032	117.911	0.00131354	0.024166879	DOWN
81668	0.795291	5.9414	0.00131506	0.024166879	UP
124175	10.2989	55.0026	0.00131788	0.024169972	UP
64832	62.772	11.0625	0.00132166	0.024180272	DOWN
120524	20.7412	106.325	0.00132549	0.024180272	UP
124061	18.8638	92.4774	0.0013264	0.024180272	UP
74252	873.431	116.256	0.0013309	0.024213879	DOWN
57647	0.352387	3.39388	0.00134016	0.024333782	UP
121653	22.9071	113.51	0.00135746	0.024551723	UP
108458	0.122175	1.28109	0.00135755	0.024551723	UP
122523	13.352	70.0405	0.00136191	0.02455898	UP
63756	3.25764	0.555562	0.00136334	0.02455898	DOWN
111202	2.12399	11.3124	0.00137243	0.024657869	UP
55454	0.701804	4.26353	0.00137424	0.024657869	UP
3055	3.56907	23.032	0.00138553	0.024784951	UP
54129	2.97521	0.172563	0.00138785	0.024784951	DOWN
111345	16.8402	2.50324	0.00138948	0.024784951	DOWN
50212	222.881	32.1989	0.00139986	0.024915577	DOWN
74214	1.04605	7.94264	0.00140227	0.024915577	UP
108893	20.7159	3.75272	0.00141805	0.025136556	DOWN
103009	985.457	5614.64	0.00142188	0.025136556	UP
62323	9.17657	1.41594	0.00142298	0.025136556	DOWN
122047	27.9344	5.17177	0.00142965	0.025205531	DOWN
77557	0.579845	6.3116	0.00144051	0.02534797	UP
111451	1.9198	0.145986	0.0014436	0.025353399	DOWN
110276	3.39235	0.0881452	0.00144774	0.025377212	DOWN
123226	7.50907	38.1747	0.00147806	0.025858958	UP
112126	2.51169	14.2372	0.00149158	0.026045501	UP
44366	3.73867	19.2415	0.00149461	0.026048509	UP
79931	42.0366	8.36075	0.00149814	0.026060202	DOWN
56341	42.3948	7.244	0.0015119	0.026249464	DOWN
56682	6.88487	1.18472	0.00153187	0.026545618	DOWN
123806	1.03635	7.24495	0.00154282	0.026684638	UP
103771	0.165545	1.80708	0.00154633	0.026694693	UP
73904	137.634	26.0078	0.00157087	0.02703079	DOWN
122487	4743.66	651.131	0.00157173	0.02703079	DOWN
72524	10.432	0.897454	0.00157482	0.027032927	DOWN
67507	4.57189	26.7279	0.00160291	0.027463392	UP
26871	9.68403	45.4752	0.00161882	0.027683948	UP
122724	14.2523	1.98199	0.00166219	0.0283724	DOWN
58701	0.828144	6.14368	0.00168115	0.028642397	UP
73631	1.21077	0.0478021	0.00169076	0.028752383	DOWN
77202	3.764	22.7452	0.00170354	0.028869136	UP
45343	301.007	51.517	0.00170396	0.028869136	DOWN
122131	2.78109	16.9016	0.00171568	0.029013772	UP
112520	1.98189	15.239	0.00172837	0.029174245	UP
111362	120.924	632.759	0.00173381	0.029211974	UP
62230	1.99423	0.134719	0.00174559	0.029356186	DOWN
47020	76.4547	15.79	0.0017492	0.029362722	DOWN
122629	1.82796	13.8675	0.00177712	0.02977656	UP
74953	20.2974	99.9507	0.00179992	0.030084508	UP
77593	9.78184	1.74454	0.0018021	0.030084508	DOWN
122556	0.121908	3.47556	0.00181151	0.030186314	UP
122089	1.60708	10.8023	0.00182919	0.030425304	UP
31075	128.256	27.6944	0.00185308	0.030766529	DOWN
109296	6.93757	40.0924	0.00186331	0.030880128	UP
123241	28.2587	132.571	0.00186997	0.030934259	UP
47315	3.54378	18.2321	0.00188015	0.031031566	UP
59843	0.580113	4.05738	0.00188595	0.031031566	UP
21873	5.28754	27.3432	0.00188671	0.031031566	UP
66041	109.703	20.7298	0.00188947	0.031031566	DOWN
55802	148.164	28.6017	0.0018929	0.031031985	DOWN
82235	8.68423	41.0051	0.00190288	0.031056921	UP
61354	12.3317	1.88504	0.00190329	0.031056921	DOWN
58114	124.706	26.6427	0.00190469	0.031056921	DOWN
63107	5.72309	0.612105	0.00190805	0.031056921	DOWN
74060	1745.52	223.377	0.00193186	0.03138842	DOWN
68924	11.5009	60.565	0.00194509	0.031480689	UP
2837	1.54364	13.573	0.00194585	0.031480689	UP
123618	185.877	40.3398	0.0019479	0.031480689	DOWN
60116	7.83604	1.52618	0.00197903	0.031927183	DOWN
58712	15.0773	69.2234	0.00199945	0.032199623	UP
66544	6.91809	0.878788	0.00201252	0.032352945	DOWN
52050	9.71184	45.9613	0.00202844	0.032551462	UP
102909	0.821462	5.91578	0.00203807	0.03259604	UP
64916	10.5411	53.0244	0.00203837	0.03259604	UP
63653	1.04978	11.045	0.00204852	0.03270098	UP
105393	2.11891	0.17927	0.00205598	0.032762688	DOWN
78626	65.5222	320.421	0.00208933	0.033236026	UP
81096	52.8984	310.001	0.00214677	0.034090259	UP
62556	1.52573	10.7032	0.00219337	0.034769683	UP
106248	6.10014	29.1568	0.00222917	0.035275841	UP
58475	0.460335	3.87773	0.00224433	0.035454191	UP
106160	3.78354	20.6967	0.002249	0.035466497	UP
77743	4.42986	0.627232	0.00225961	0.035516598	DOWN
66163	128.512	28.772	0.00225997	0.035516598	DOWN
123539	0.621653	7.65995	0.00226893	0.035596036	UP
103149	1.91094	11.8362	0.00227647	0.035633396	UP
76633	54.7133	510.359	0.00227913	0.035633396	UP
61142	0.368346	4.30413	0.00229064	0.035752027	UP
66937	20.5479	189.699	0.00231362	0.036048968	UP
78953	4.98168	26.7541	0.00233999	0.036397626	UP
105851	0.952179	6.29843	0.00236594	0.036738574	UP
73513	14.9304	67.5961	0.00237972	0.036867096	UP
70098	0.152005	2.22757	0.00238861	0.036867096	UP
80685	0.179679	2.02882	0.00238938	0.036867096	UP
47603	12.903	66.1323	0.00239439	0.036867096	UP
67448	1.64237	9.27889	0.00239444	0.036867096	UP
122169	7.81742	35.8857	0.00240845	0.037020273	UP
47930	49.4074	262.141	0.00242527	0.037201609	UP
55990	0.961598	7.54089	0.00242841	0.037201609	UP
60616	5.25174	27.6109	0.00244126	0.037335713	UP
76696	3.71555	17.724	0.0024481	0.037341625	UP
77703	42.9636	8.84148	0.00244984	0.037341625	DOWN
123978	28.0311	200.58	0.00246494	0.037509062	UP
68941	22.3369	3.53137	0.00248478	0.037747949	DOWN
72567	1.21421	0.0405909	0.00249719	0.037870331	DOWN
119975	6634.74	713.48	0.00250512	0.037870331	DOWN
120623	214.242	40.9975	0.0025053	0.037870331	DOWN
121191	686.274	96.4988	0.00251837	0.038004872	DOWN
121534	42.5722	549.006	0.00252899	0.038102056	UP
51378	5.35291	23.6689	0.0025559	0.038443941	UP
121789	33.2046	148.401	0.00256801	0.038562457	UP
62780	35.0201	6.99814	0.00259368	0.03888387	DOWN
123227	82.8648	16.054	0.00260814	0.039036447	DOWN
108398	9.57632	49.0225	0.00261365	0.039054786	UP
46421	115.037	26.3084	0.00261819	0.039058595	DOWN
71532	7.50699	46.3947	0.00262998	0.039116519	UP
69742	8.96293	1.2756	0.00263511	0.039116519	DOWN
119576	12.0379	52.7321	0.00263915	0.039116519	UP
70600	0.0606725	1.26596	0.00264057	0.039116519	UP
60270	9.9269	45.4847	0.00264353	0.039116519	UP
103799	3.76399	19.1238	0.00265776	0.039199957	UP
76227	3.25426	15.2044	0.00265777	0.039199957	UP
107947	3.76222	18.1838	0.00266733	0.039257423	UP
102998	801.046	97.7406	0.00267028	0.039257423	DOWN
81541	300.868	54.5175	0.00267894	0.039271728	DOWN
1777	22.3001	107.771	0.00267987	0.039271728	UP
59053	2.39476	15.2809	0.00268792	0.03932647	UP
80149	69.3797	350.409	0.00271108	0.039601754	UP
121793	85.2558	18.3621	0.00276151	0.040273862	DOWN
109779	1.08851	6.89921	0.00278927	0.040613732	UP
77000	31.7702	163.416	0.00279798	0.040675578	UP
107674	1.96332	11.2092	0.00280981	0.040782513	UP
120751	28.05	136.171	0.00284375	0.041209509	UP
80340	128.461	28.1775	0.00285041	0.041240456	DOWN
55561	3.52694	22.3357	0.00290185	0.041865541	UP
105979	1.83844	12.6215	0.0029028	0.041865541	UP
76971	4.99522	26.2872	0.00291497	0.041974647	UP
122886	692.567	123.217	0.00295283	0.042452753	DOWN
67738	6.12062	0.58908	0.00297447	0.042696526	DOWN
119710	30.2763	167.355	0.00300042	0.043001302	UP
66232	137.791	29.8796	0.00303763	0.043356018	DOWN
106294	34.6451	177.362	0.00303893	0.043356018	UP
119724	24.2328	108.074	0.00303944	0.043356018	UP
103136	0.329491	3.13941	0.00304555	0.043375294	UP
104219	93.7842	14.449	0.00306871	0.04363696	DOWN
27706	3.37976	0.414636	0.00309114	0.043887447	DOWN
103695	0.576828	5.84511	0.00311269	0.04412468	UP
60445	0.176617	2.48734	0.0031409	0.04445544	UP
69834	1.40667	7.95273	0.00315748	0.044620822	UP
4484	57.4427	9.94033	0.00316592	0.044625321	DOWN
22271	0.944932	6.38752	0.00316759	0.044625321	UP
104816	1.93855	11.3376	0.00320665	0.045105887	UP
22115	20.3381	3.99039	0.0032542	0.045704211	DOWN
108776	9.86883	1.74199	0.00329944	0.046268301	DOWN
104209	0.20002	2.65904	0.00332275	0.046523604	UP
59391	0.24571	2.42592	0.00332954	0.046547173	UP
82032	28.0023	198.319	0.00342949	0.047816537	UP
52334	150.292	35.4499	0.00343083	0.047816537	DOWN
57940	25.2484	126.838	0.00346484	0.048216819	UP
111570	0.918024	6.71415	0.00348868	0.048417437	UP
34312	24.4958	134.383	0.00348988	0.048417437	UP
1935	194.127	38.8179	0.00350081	0.048495263	DOWN
119876	1531.37	157.986	0.00355928	0.049230405	DOWN
122374	47.2871	216.439	0.00357738	0.049405786	UP
104469	14.7542	61.0144	0.00361068	0.049790239	UP